0 1.0 1.1976249852940768e-11 1.7046379585661242e-10 5.551115123125783e-17 1.1976249852940768e-11 1.0 3.562503070320133e-10 0.0 1.7046379585661242e-10 3.562503070320133e-10 1.0 2.220446049250313e-16
1 1.0 1.1976249852940768e-11 1.7046379585661242e-10 5.551115123125783e-17 1.1976249852940768e-11 1.0 3.562503070320133e-10 0.0 1.7046379585661242e-10 3.562503070320133e-10 1.0 2.220446049250313e-16
2 1.0 1.1976249852940768e-11 1.7046379585661242e-10 5.551115123125783e-17 1.1976249852940768e-11 1.0 3.562503070320133e-10 0.0 1.7046379585661242e-10 3.562503070320133e-10 1.0 2.220446049250313e-16
3 1.0 1.1976249852940768e-11 1.7046379585661242e-10 5.551115123125783e-17 1.1976249852940768e-11 1.0 3.562503070320133e-10 0.0 1.7046379585661242e-10 3.562503070320133e-10 1.0 2.220446049250313e-16
4 1.0 1.1976249852940768e-11 1.7046379585661242e-10 5.551115123125783e-17 1.1976249852940768e-11 1.0 3.562503070320133e-10 0.0 1.7046379585661242e-10 3.562503070320133e-10 1.0 2.220446049250313e-16
5 1.0 1.1976249852940768e-11 1.7046379585661242e-10 5.551115123125783e-17 1.1976249852940768e-11 1.0 3.562503070320133e-10 0.0 1.7046379585661242e-10 3.562503070320133e-10 1.0 2.220446049250313e-16
6 1.0 1.1976249852940768e-11 1.7046379585661242e-10 5.551115123125783e-17 1.1976249852940768e-11 1.0 3.562503070320133e-10 0.0 1.7046379585661242e-10 3.562503070320133e-10 1.0 2.220446049250313e-16
7 1.0 1.1976249852940768e-11 1.7046379585661242e-10 5.551115123125783e-17 1.1976249852940768e-11 1.0 3.562503070320133e-10 0.0 1.7046379585661242e-10 3.562503070320133e-10 1.0 2.220446049250313e-16
8 1.0 1.1976249852940768e-11 1.7046379585661242e-10 5.551115123125783e-17 1.1976249852940768e-11 1.0 3.562503070320133e-10 0.0 1.7046379585661242e-10 3.562503070320133e-10 1.0 2.220446049250313e-16
9 1.0 1.1976249852940768e-11 1.7046379585661242e-10 5.551115123125783e-17 1.1976249852940768e-11 1.0 3.562503070320133e-10 0.0 1.7046379585661242e-10 3.562503070320133e-10 1.0 2.220446049250313e-16
10 1.0 1.1976249852940768e-11 1.7046379585661242e-10 5.551115123125783e-17 1.1976249852940768e-11 1.0 3.562503070320133e-10 0.0 1.7046379585661242e-10 3.562503070320133e-10 1.0 2.220446049250313e-16
11 1.0 1.1976249852940768e-11 1.7046379585661242e-10 5.551115123125783e-17 1.1976249852940768e-11 1.0 3.562503070320133e-10 0.0 1.7046379585661242e-10 3.562503070320133e-10 1.0 2.220446049250313e-16
